13 3 13 1 9 3 10 2 4 3 9 3 1 0 4 4 16 2 8 5 16 10 15 6 1 8 13 7 11 0 4 8 3 12 20 9 5 19 24 10
6 12 17 1 4 8 14 2 10 13 17 3 7 4 10 4 10 7 9 5 4 0 5 6 9 0 4 7 12 0 5 8 19 3 11 9 1 0 3 10
1 5 9 1 3 1 6 2 3 8 13 3 5 0 5 4 5 9 14 5 9 0 5 6 13 5 9 7 11 1 6 8 11 8 13 9 9 9 14 10
5 0 5 1 9 0 5 2 3 1 6 3 11 1 6 4 1 5 9 5 13 5 9 6 3 8 13 7 11 8 13 8 5 9 14 9 9 9 14 10
3 0 6 1 3 9 17 2 4 19 25 3 5 10 17 4 7 5 11 5 7 17 27 6 9 0 7 7 10 7 22 8 12 9 15 9
4 0 4 1 22 0 8 2 6 2 7 3 19 2 10 4 11 3 10 5 15 3 8 6 8 4 7 7 24 4 11 8 1 5 15 9 13 8 18 10
3 3 9 1 6 3 9 2 7 11 17 3 9 14 21 4 11 1 7 5 13 1 14 6 13 17 20 7 17 1 5 8 16 17 22 9 19 7 10 10
6 0 6 1 8 2 8 2 11 5 8 3 14 5 14 4 4 6 13 5 1 7 11 6 18 8 16 7 11 11 17 8 5 13 18 9 8 13 19 10
1 4 10 1 3 17 21 2 4 5 12 3 6 0 6 4 7 12 23 5 8 4 8 6 12 5 9 7 14 16 21 8 16 11 17 9 19 6 12 10 20 15 21 11
8 0 4 1 17 2 20 2 0 3 9 3 6 4 15 4 20 6 11 5 22 7 11 6 8 10 21 7 11 13 20 8 20 18 21 9
1 0 6 1 1 8 14 2 3 4 10 3 5 0 4 4 5 10 14 5 7 2 5 6 7 9 12 7 9 0 4 8 9 10 14 9 11 4 10 10 13 0 6 11 13 8 14 12
1 0 6 1 5 0 4 2 9 0 4 3 13 0 6 4 7 2 5 5 3 4 10 6 11 4 10 7 1 8 14 8 13 8 14 9 7 9 12 10 5 10 14 11 9 10 14 12